1 50 2253
2 50 2253
3 50 2253
4 50 2253
5 50 2253
6 50 2253
7 50 2253
8 50 2253
9 50 2253
10 50 2253
11 50 2253
12 50 2253
13 50 2253
14 50 2253
15 50 2253
16 50 2253
17 50 2253
18 50 2253
19 50 2253
20 50 2253
21 50 2253
22 50 2253
23 50 2253
24 50 2253
25 50 2253
26 50 2253
27 50 2253
28 50 2253
29 50 2253
30 50 2253
31 50 2253
32 50 2253
33 50 2253
34 50 2253
35 50 2253
36 50 2253
37 50 2253
38 50 2253
39 50 2253
40 50 2253
41 50 2253
42 50 2253
43 50 2253
44 50 2253
45 50 2253
46 3 2253
47 0 null
